image_width: 320
image_height: 240
camera_name: narrow_stereo
camera_matrix:
  rows: 3
  cols: 3
  data: [ 247.5185 ,    0.     ,  161.24047,
            0.     ,  247.07776,  124.76294,
            0.     ,    0.     ,    1.     ]
camera_model: plumb_bob
distortion_coefficients:
  rows: 1
  cols: 5
  data: [0.230407, -0.268170, 0.004878, -0.006090, 0.000000]
rectification_matrix:
  rows: 3
  cols: 3
  data: [ 1.,  0.,  0.,
          0.,  1.,  0.,
          0.,  0.,  1.]
projection_matrix:
  rows: 3
  cols: 4
  data: [ 260.384  ,    0.     ,  159.38743,    0.     ,
            0.     ,  260.49869,  125.77839,    0.     ,
            0.     ,    0.     ,    1.     ,    0.     ]
